T300x300_5_1	50638.73	 [ 5] [ 6] [13] [40] [43] [50] [54] [57] [60] [62] [64] [76] [107] [120] [121] [122] [127] [129] [135] [149] [163] [192] [206] [215] [225] [226] [238] [239] [254] [256] [259] [271] [279] [285] [290] [299]
T300x300_5_2	49261.65	 [ 3] [ 5] [ 6] [12] [16] [24] [30] [36] [62] [72] [81] [102] [118] [132] [134] [137] [146] [157] [163] [171] [172] [192] [216] [222] [223] [235] [236] [238] [243] [247] [265] [282] [286] [292] 
T300x300_5_3	49879.18	 [14] [17] [24] [25] [28] [36] [39] [46] [48] [50] [54] [56] [57] [61] [64] [87] [95] [109] [119] [121] [122] [125] [136] [147] [149] [151] [175] [188] [196] [210] [213] [246] [248] [288] [291]
T300x300_5_4	50449.52	 [ 7] [13] [19] [21] [22] [27] [30] [48] [57] [60] [61] [63] [72] [78] [94] [107] [108] [116] [127] [135] [142] [148] [149] [159] [164] [174] [194] [196] [200] [205] [208] [220] [221] [243] [276]
T300x300_5_5	49721.60     [ 9] [12] [13] [23] [31] [32] [33] [44] [79] [86] [88] [90] [91] [106] [110] [115] [130] [135] [136] [141] [144] [150] [151] [154] [161] [169] [176] [177] [184] [239] [240] [253] [256] [269] [290]	 

T300x300_10_1	28474.02	 [22] [27] [44] [79] [81] [92] [95] [149] [161] [168] [171] [218] [238] [239] [254] [255] [272] [290]
T300x300_10_2	27008.17	 [16] [82] [118] [127] [129] [149] [157] [170] [193] [209] [214] [231] [232] [234] [256] [283] [286]
T300x300_10_3	28826.24	 [ 9] [17] [18] [43] [82] [84] [108] [142] [154] [171] [176] [198] [205] [231] [237] [264] [283] [288]
T300x300_10_4	27662.75	 [ 3] [ 4] [ 8] [34] [55] [78] [109] [116] [133] [168] [170] [175] [269] [275] [282] [298] [299]
T300x300_10_5	28682.42	 [ 2] [ 4] [ 7] [17] [18] [27] [83] [137] [153] [198] [233] [245] [246] [255] [270] [271] [273] [295]

T300x300_15_1	21253.35	 [12] [37] [58] [67] [75] [77] [94] [163] [251] [273] [282] [290]
T300x300_15_2	21814.36	 [25] [27] [54] [81] [113] [131] [163] [174] [184] [194] [269] [297]
T300x300_15_3	22529.39	 [30] [70] [79] [103] [107] [151] [167] [183] [229] [239] [243] [282] [298]
T300x300_15_4	22168.57	 [ 9] [17] [35] [61] [127] [133] [169] [192] [241] [243] [278] [300]
T300x300_15_5	22523.41	 [37] [48] [88] [90] [109] [114] [117] [121] [197] [201] [256] [267]

T300x300_20_1	19519.92	 [53] [87] [116] [143] [166] [179] [227] [228] [231] [262]
T300x300_20_2	19090.29	 [22] [60] [70] [78] [81] [138] [157] [205] [217] [219]
T300x300_20_3	19618.22	 [ 4] [20] [45] [83] [102] [188] [192] [234] [271] [275]
T300x300_20_4	19323.48	 [90] [98] [151] [156] [161] [209] [236] [252] [267] [272]
T300x300_20_5	19287.12	 [47] [68] [77] [88] [101] [105] [194] [199] [236] [276]

T500x500_5_1	78662.68	 [ 3] [19] [28] [54] [55] [59] [65] [75] [82] [90] [100] [104] [111] [114] [116] [124] [128] [134] [143] [148] [166] [174] [197] [212] [215] [219] [220] [251] [262] [265] [271] [273] [308] [309] [313] [316] [317] [323] [340] [346] [360] [386] [394] [396] [422] [423] [424] [434] [440] [450] [456] [462] [468] [482] [493] [494]
T500x500_5_2	82057.96	 [26] [27] [43] [49] [51] [69] [80] [84] [96] [113] [119] [139] [149] [150] [170] [176] [181] [193] [196] [198] [204] [214] [219] [227] [233] [243] [270] [271] [279] [281] [288] [298] [299] [302] [303] [314] [316] [320] [324] [340] [356] [369] [371] [373] [376] [385] [390] [404] [406] [409] [413] [418] [419] [441] [447] [465] [469] [484] [500]
T500x500_5_3	80763.30	 [ 1] [25] [33] [46] [57] [63] [67] [80] [85] [86] [93] [95] [112] [122] [125] [133] [134] [139] [154] [156] [199] [200] [205] [216] [229] [250] [268] [271] [275] [278] [291] [294] [301] [311] [317] [328] [333] [345] [372] [378] [402] [408] [409] [425] [426] [428] [430] [445] [463] [473] [477] [479] [484] [488] [489] [492] [498] [500]
T500x500_5_4	80988.59	 [ 7] [35] [39] [47] [53] [57] [72] [90] [91] [101] [107] [109] [115] [136] [137] [138] [140] [145] [150] [181] [182] [183] [184] [199] [203] [211] [223] [230] [231] [232] [236] [245] [249] [251] [257] [259] [261] [264] [278] [295] [299] [310] [320] [327] [339] [341] [349] [381] [392] [402] [440] [448] [449] [452] [472] [481] [494]
T500x500_5_5	78429.26	 [ 9] [16] [29] [40] [41] [55] [60] [74] [81] [82] [101] [115] [126] [139] [140] [152] [160] [165] [176] [187] [198] [217] [228] [245] [249] [259] [272] [274] [275] [302] [314] [334] [336] [340] [341] [356] [361] [362] [375] [381] [382] [383] [389] [400] [405] [419] [426] [437] [463] [468] [470] [478] [491] [492] [498] [499]

T500x500_10_1	45081.83	 [ 4] [20] [49] [64] [77] [85] [87] [134] [137] [140] [151] [155] [177] [191] [214] [277] [281] [303] [327] [364] [375] [390] [404] [425] [431] [443] [468] [487] [500] 
T500x500_10_2	43420.27	 [ 4] [28] [73] [80] [94] [110] [122] [159] [176] [250] [263] [293] [295] [299] [325] [353] [389] [392] [411] [424] [425] [434] [440] [455] [459] [471] [495] [496]
T500x500_10_3	44899.66     [62] [67] [82] [86] [140] [143] [146] [154] [162] [181] [190] [201] [205] [222] [232] [256] [258] [283] [291] [297] [318] [330] [336] [351] [402] [409] [412] [436] [480] [493]
T500x500_10_4   43396.79     [ 7] [38] [69] [84] [118] [191] [205] [239] [252] [254] [277] [294] [298] [301] [304] [311] [323] [324] [358] [374] [385] [389] [435] [458] [469] [472] [477] [500]	
T500x500_10_5	43511.99	 [ 5] [11] [14] [18] [26] [34] [49] [84] [90] [118] [190] [240] [244] [247] [251] [269] [303] [307] [335] [341] [352] [357] [365] [441] [444] [481] [485] [495]

T500x500_15_1	33435.69	 [26] [84] [85] [124] [125] [127] [162] [187] [253] [261] [321] [338] [398] [402] [404] [405] [412] [462] [465] [499]
T500x500_15_2	33507.69	 [12] [15] [86] [99] [145] [181] [199] [220] [318] [328] [364] [400] [406] [418] [431] [438] [460] [462] [472]
T500x500_15_3	33959.00	 [21] [22] [36] [78] [96] [109] [121] [126] [149] [185] [250] [292] [360] [379] [381] [425] [456] [479] [483] [493]
T500x500_15_4   33709.19     [16] [51] [52] [76] [83] [138] [199] [212] [229] [243] [366] [373] [388] [393] [396] [400] [427] [429] [464] [497]
T500x500_15_5	33833.95     [25] [31] [56] [156] [170] [183] [211] [213] [215] [242] [272] [284] [310] [316] [362] [389] [431] [447] [499]  

T500x500_20_1	29294.42	 [ 3] [ 8] [31] [64] [203] [217] [226] [257] [290] [303] [304] [377] [419] [449] [493] 
T500x500_20_2	28485.57	 [78] [120] [127] [150] [218] [250] [274] [329] [353] [379] [384] [411] [463] [488] [492]
T500x500_20_3	29183.51     [20] [21] [22] [76] [99] [118] [186] [190] [229] [231] [264] [368] [406] [446] [453]
T500x500_20_4	29245.49	 [19] [112] [134] [205] [219] [272] [305] [311] [338] [342] [415] [461] [471] [479] [488]
T500x500_20_5	29128.85	 [ 1] [ 4] [13] [23] [69] [171] [176] [184] [230] [235] [240] [261] [359] [388] [397]

T700x700_5_1   111890.01     [ 2] [10] [19] [32] [64] [66] [75] [79] [106] [109] [131] [148] [155] [168] [189] [197] [200] [212] [213] [225] [231] [248] [250] [266] [267] [275] [276] [283] [284] [285] [288] [289] [298] [304] [309] [312] [317] [324] [326] [335] [340] [350] [354] [361] [367] [378] [390] [393] [395] [401] [409] [414] [442] [457] [458] [464] [465] [472] [501] [524] [530] [533] [534] [538] [541] [542] [546] [569] [592] [608] [619] [621] [627] [628] [646] [653] [658] [669] [676] [687] [689] [694]
T700x700_5_2   112581.89	 [ 5] [11] [12] [21] [29] [33] [41] [54] [70] [83] [88] [93] [105] [111] [114] [129] [149] [157] [162] [166] [176] [189] [197] [200] [209] [213] [216] [226] [230] [255] [264] [275] [279] [295] [296] [297] [322] [352] [354] [363] [371] [402] [407] [409] [410] [413] [423] [429] [434] [443] [446] [447] [454] [464] [470] [499] [504] [519] [521] [528] [533] [559] [565] [569] [570] [577] [601] [602] [613] [615] [619] [621] [622] [629] [633] [647] [649] [653] [666] [668] [675] [681]
T700x700_5_3   112628.49	 [ 3] [10] [18] [23] [31] [40] [47] [50] [55] [57] [72] [78] [86] [111] [120] [144] [152] [153] [163] [167] [176] [210] [217] [224] [234] [237] [246] [250] [261] [264] [268] [269] [270] [273] [278] [292] [296] [312] [320] [331] [357] [366] [368] [369] [373] [385] [386] [406] [411] [421] [423] [429] [430] [431] [437] [438] [441] [442] [444] [450] [500] [508] [509] [511] [527] [545] [559] [569] [587] [613] [615] [635] [639] [643] [646] [667] [668] [669] [673] [689] [690]
T700x700_5_4   111333.92     [ 9] [18] [43] [45] [48] [49] [51] [54] [55] [60] [83] [85] [92] [100] [101] [107] [116] [125] [126] [134] [143] [157] [163] [165] [175] [176] [179] [184] [195] [203] [220] [233] [238] [241] [250] [254] [256] [262] [264] [306] [320] [346] [348] [379] [407] [433] [435] [447] [448] [449] [451] [467] [484] [493] [496] [502] [505] [519] [528] [533] [548] [549] [557] [564] [570] [571] [576] [583] [586] [593] [597] [602] [604] [640] [642] [655] [666] [667] [668] [686]
T700x700_5_5   112124.09     [ 1] [ 3] [19] [28] [37] [55] [67] [68] [69] [74] [77] [78] [80] [82] [89] [92] [95] [100] [101] [109] [118] [119] [124] [136] [138] [144] [151] [176] [181] [185] [229] [233] [234] [253] [255] [256] [265] [291] [305] [306] [317] [318] [322] [326] [337] [352] [360] [380] [382] [385] [408] [409] [421] [436] [444] [453] [456] [459] [467] [468] [469] [473] [500] [506] [515] [517] [526] [528] [546] [559] [560] [571] [581] [595] [601] [613] [614] [616] [621] [641] [675]

T700x700_10_1	59572.55     [38] [90] [95] [116] [138] [147] [158] [183] [213] [251] [321] [331] [354] [367] [369] [373] [377] [384] [396] [407] [421] [440] [441] [457] [522] [524] [529] [558] [565] [573] [584] [615] [632] [645] [652] [665] [679] [687] [695]	
T700x700_10_2	60832.31     [34] [37] [56] [76] [106] [137] [144] [150] [167] [200] [228] [242] [249] [260] [282] [295] [296] [308] [357] [372] [380] [424] [429] [450] [451] [496] [507] [519] [536] [570] [573] [584] [594] [600] [605] [626] [641] [644] [650] [660]
T700x700_10_3	62120.52    [ 62097.42 ]     [11] [27] [77] [98] [101] [135] [151] [164] [172] [174] [193] [208] [243] [247] [254] [303] [332] [341] [343] [361] [366] [370] [403] [418] [425] [448] [457] [469] [491] [492] [493] [496] [538] [541] [574] [588] [620] [623] [634] [653] [673]  
T700x700_10_4	60055.82     [36] [56] [87] [116] [136] [174] [214] [228] [263] [274] [275] [280] [285] [288] [315] [321] [327] [341] [381] [388] [391] [419] [434] [456] [513] [514] [534] [538] [539] [542] [567] [577] [578] [585] [610] [642] [657] [675] [678]
T700x700_10_5	60920.86	[ 60886.50 ]     [20] [25] [30] [55] [68] [77] [95] [103] [128] [152] [164] [179] [193] [217] [236] [249] [271] [333] [355] [377] [379] [382] [420] [467] [480] [483] [506] [535] [554] [561] [567] [587] [599] [616] [621] [632] [642] [644] [652] [659] 

T700x700_15_1	45104.89     [37] [42] [49] [70] [105] [145] [150] [173] [189] [200] [209] [243] [326] [330] [357] [383] [431] [444] [455] [466] [524] [528] [561] [577] [608] [646] [674]
T700x700_15_2	45100.44     [22] [56] [57] [69] [83] [136] [144] [152] [176] [277] [295] [298] [311] [332] [337] [399] [433] [448] [453] [477] [493] [539] [555] [591] [622] [631] [682]
T700x700_15_3   45032.72     [ 2] [46] [57] [63] [82] [146] [159] [160] [184] [218] [237] [251] [257] [319] [335] [359] [385] [401] [427] [447] [504] [517] [636] [651] [675] [686] [698]
T700x700_15_4	44992.00     [20] [45] [114] [117] [142] [161] [172] [175] [259] [261] [270] [288] [292] [303] [319] [328] [352] [385] [416] [433] [524] [538] [596] [620] [660] [685] [686]
T700x700_15_5	46197.17     [59] [84] [140] [146] [162] [167] [208] [218] [220] [281] [344] [348] [353] [354] [403] [442] [488] [502] [551] [560] [580] [588] [589] [604] [629] [645] [689]

T700x700_20_1	38426.66	 [ 3] [ 9] [15] [44] [87] [110] [142] [200] [219] [330] [331] [376] [407] [436] [511] [522] [568] [574] [582] [584] [667]
T700x700_20_2	37863.00     [47] [94] [117] [133] [183] [209] [266] [268] [293] [333] [357] [396] [465] [482] [483] [516] [519] [537] [556] [675]
T700x700_20_3	37794.64     [ 7] [28] [32] [116] [131] [192] [270] [272] [276] [296] [391] [421] [440] [448] [459] [517] [523] [575] [673] [683] [684]
T700x700_20_4	38083.00     [12] [94] [140] [164] [177] [279] [303] [310] [355] [361] [387] [421] [524] [564] [565] [568] [590] [658] [678] [693] [694]
T700x700_20_5   37542.15     [72] [164] [191] [291] [295] [309] [313] [380] [387] [398] [415] [425] [431] [452] [484] [491] [509] [620] [646] [677]

T1000x1000_5_1  155907.13 	[ 155833.11 ]	[ 4] [ 8] [20] [67] [74] [75] [76] [91] [95] [99] [109] [133] [135] [138] [146] [147] [173] [179] [187] [198] [210] [253] [269] [282] [284] [286] [313] [327] [335] [339] [345] [357] [366] [368] [369] [371] [376] [377] [386] [397] [410] [425] [429] [440] [458] [459] [462] [467] [470] [475] [495] [496] [504] [511] [516] [534] [538] [551] [554] [556] [574] [576] [584] [589] [590] [597] [624] [627] [633] [644] [647] [665] [670] [674] [690] [701] [705] [722] [723] [729] [749] [756] [758] [781] [787] [798] [805] [806] [819] [829] [830] [833] [843] [845] [848] [851] [867] [872] [877] [888] [894] [907] [908] [921] [923] [935] [944] [945] [955] [960] [973] [993] [999]
T1000x1000_5_2  160380.33	[ 160339.36 ]   [13] [16] [17] [21] [29] [31] [39] [40] [45] [47] [59] [67] [75] [76] [77] [78] [82] [93] [116] [119] [127] [142] [143] [158] [163] [168] [180] [188] [194] [198] [212] [215] [216] [244] [292] [302] [316] [317] [323] [326] [339] [341] [344] [386] [388] [390] [409] [415] [418] [420] [435] [452] [455] [457] [469] [479] [480] [482] [486] [487] [494] [495] [503] [512] [516] [525] [529] [533] [549] [557] [560] [572] [575] [588] [610] [613] [619] [622] [627] [635] [637] [638] [646] [655] [656] [658] [697] [712] [741] [750] [753] [761] [762] [769] [788] [791] [803] [809] [823] [831] [833] [850] [851] [883] [884] [893] [897] [901] [908] [923] [936] [938] [946] [980] [981] [982] [986] [995]
T1000x1000_5_3  159971.71   [ 159943.68 ]   [ 4] [ 6] [18] [22] [51] [57] [74] [86] [108] [111] [142] [151] [157] [158] [159] [176] [180] [193] [214] [235] [239] [240] [262] [266] [267] [277] [284] [312] [317] [322] [328] [334] [336] [354] [359] [360] [367] [374] [391] [406] [442] [443] [452] [465] [467] [491] [499] [501] [502] [505] [510] [517] [519] [537] [540] [543] [546] [549] [551] [558] [572] [580] [581] [614] [629] [631] [635] [648] [667] [678] [681] [691] [698] [700] [701] [702] [712] [717] [727] [743] [753] [757] [761] [766] [769] [777] [793] [795] [796] [802] [813] [814] [817] [819] [820] [829] [837] [846] [852] [855] [864] [881] [885] [890] [895] [903] [910] [912] [914] [937] [945] [946] [956] [961] [974] [990] [991]
T1000x1000_5_4  158189.69    [19] [24] [43] [45] [46] [50] [57] [58] [60] [70] [88] [89] [93] [96] [115] [117] [119] [123] [142] [155] [160] [163] [167] [178] [184] [194] [219] [225] [226] [238] [239] [246] [256] [262] [268] [271] [289] [296] [302] [304] [326] [353] [354] [364] [376] [381] [396] [397] [407] [433] [434] [455] [460] [463] [469] [488] [494] [495] [520] [524] [567] [577] [581] [591] [604] [617] [626] [632] [636] [643] [644] [646] [647] [653] [655] [659] [662] [676] [682] [685] [687] [690] [691] [700] [710] [721] [723] [735] [736] [738] [746] [756] [757] [759] [771] [780] [795] [798] [808] [826] [828] [833] [839] [851] [853] [856] [875] [912] [928] [930] [945] [949] [959] [961] [970] [978]
T1000x1000_5_5  159232.71	[ 159193.76 ]   [18] [26] [27] [45] [51] [59] [64] [65] [69] [76] [98] [119] [122] [136] [156] [175] [180] [182] [185] [215] [228] [232] [238] [250] [255] [257] [264] [267] [269] [270] [281] [283] [298] [314] [320] [329] [336] [348] [349] [355] [361] [364] [381] [385] [407] [415] [427] [444] [446] [461] [465] [469] [471] [475] [484] [488] [507] [509] [515] [528] [555] [592] [595] [599] [605] [607] [608] [610] [617] [636] [637] [638] [639] [648] [673] [675] [677] [679] [680] [691] [696] [699] [704] [706] [710] [715] [727] [731] [737] [752] [756] [768] [770] [787] [810] [817] [831] [842] [856] [861] [896] [899] [906] [914] [915] [926] [936] [938] [944] [946] [948] [958] [963] [966] [988] [989] [991]

T1000x1000_10_1	 85384.46	[  85298.04 ]   [ 8] [19] [29] [34] [49] [60] [70] [87] [141] [167] [236] [243] [244] [269] [285] [295] [309] [311] [312] [326] [328] [340] [346] [361] [367] [389] [418] [432] [452] [462] [465] [478] [561] [564] [606] [609] [639] [663] [685] [689] [691] [693] [724] [756] [759] [762] [797] [838] [861] [870] [871] [887] [894] [899] [905] [934] [937] [948]
T1000x1000_10_2  83043.79	[  82968.88 ]
T1000x1000_10_3  83050.40   [  82959.97 ]   [ 8] [26] [30] [37] [51] [56] [61] [74] [115] [128] [184] [190] [194] [217] [219] [239] [301] [305] [326] [332] [335] [337] [342] [348] [383] [399] [400] [432] [458] [471] [477] [503] [579] [606] [622] [647] [660] [663] [667] [694] [696] [751] [766] [797] [822] [881] [882] [884] [893] [905] [914] [915] [943] [953] [976] [995]
T1000x1000_10_3	 82864.38    [15] [38] [52] [72] [101] [102] [125] [129] [149] [154] [158] [197] [209] [252] [253] [284] [318] [319] [363] [384] [398] [415] [430] [466] [541] [562] [614] [627] [640] [641] [649] [654] [665] [666] [667] [679] [680] [692] [694] [703] [704] [712] [730] [738] [742] [751] [787] [790] [800] [822] [830] [876] [892] [916] [955] [968]
T1000x1000_10_4  84331.57   [  84273.71 ]   [ 6] [11] [16] [42] [46] [78] [119] [132] [141] [147] [163] [165] [208] [244] [250] [262] [269] [274] [278] [283] [293] [304] [321] [332] [351] [363] [411] [457] [484] [492] [512] [555] [580] [583] [591] [597] [612] [650] [685] [708] [709] [722] [746] [774] [775] [784] [830] [845] [862] [928] [948] [956] [968] [971] [983] [999]
T1000x1000_10_5  83394.66    [12] [47] [48] [51] [161] [169] [179] [188] [206] [218] [233] [245] [254] [280] [284] [305] [312] [326] [333] [349] [355] [358] [367] [369] [382] [388] [409] [422] [439] [451] [458] [465] [494] [508] [525] [566] [575] [626] [648] [660] [661] [664] [682] [687] [722] [811] [815] [819] [821] [844] [909] [923] [936] [943] [961] [991]

T1000x1000_15_1	 62522.86   [  62431.92 ]   [ 1] [24] [34] [95] [113] [162] [186] [223] [227] [244] [288] [290] [294] [299] [306] [308] [355] [422] [424] [431] [437] [446] [494] [514] [543] [546] [580] [618] [637] [644] [739] [754] [809] [837] [862] [866] [872] [876] [889]
T1000x1000_15_2	 62489.55	[  62434.77 ]   [ 6] [10] [31] [59] [122] [143] [231] [241] [257] [322] [353] [358] [397] [399] [403] [407] [426] [443] [446] [466] [474] [549] [570] [662] [666] [671] [684] [704] [711] [732] [736] [747] [787] [858] [917] [927] [960] [963] [994]
T1000x1000_15_3	 62025.59    [ 2] [15] [20] [81] [86] [99] [142] [156] [198] [201] [207] [239] [288] [303] [317] [340] [420] [505] [527] [529] [572] [589] [660] [726] [743] [749] [760] [784] [823] [826] [911] [912] [981] [984] [988] [989] [990] [992]
T1000x1000_15_4  62404.53    [70] [74] [75] [81] [97] [112] [113] [117] [130] [144] [200] [208] [216] [222] [273] [279] [292] [322] [361] [362] [400] [509] [514] [523] [547] [640] [674] [694] [744] [758] [764] [786] [798] [803] [828] [922] [931] [935] [987]  
T1000x1000_15_5  62401.91	[  62371.22 ]   [38] [42] [49] [62] [77] [103] [139] [160] [164] [202] [205] [252] [258] [288] [395] [397] [464] [507] [533] [574] [576] [596] [626] [628] [673] [694] [708] [737] [754] [784] [791] [802] [826] [832] [862] [918] [945] [972] [989]

T1000x1000_20_1  51408.02    [ 6] [10] [56] [62] [76] [88] [101] [103] [104] [126] [137] [159] [252] [363] [427] [436] [442] [498] [666] [667] [813] [815] [820] [833] [839] [857] [931] [943] [972]
T1000x1000_20_2  51721.28	[  51685.88 ] cant close CPLEX
T1000x1000_20_3  51363.95   [  51266.42 ] [113] [122] [185] [220] [231] [340] [370] [377] [382] [404] [408] [420] [437] [456] [571] [582] [590] [614] [669] [704] [710] [718] [745] [852] [859] [882] [893] [914] [939]
T1000x1000_20_4  52309.10    [21] [58] [61] [80] [164] [220] [227] [270] [288] [306] [394] [406] [431] [500] [543] [553] [555] [613] [635] [639] [759] [785] [835] [869] [873] [899] [947] [975] [997]
T1000x1000_20_5  50859.51    [89] [100] [153] [180] [189] [193] [199] [212] [238] [288] [311] [315] [322] [422] [427] [509] [568] [587] [590] [598] [602] [620][655] [684] [762] [785] [860] [879] [914]

T1500x300_5_1	 65630.64    [16] [18] [21] [27] [32] [33] [50] [52] [57] [63] [65] [67] [86] [121] [156] [160] [163] [185] [190] [197] [205] [213] [231] [233] [239] [240] [248] [251] [256] [261] [269] [272] [278] [290] [292] [300]
T1500x300_5_2    65831.00    [14] [22] [29] [32] [44] [51] [52] [73] [75] [85] [112] [142] [151] [160] [162] [165] [167] [169] [170] [176] [184] [185] [197] [198] [200] [202] [204] [212] [221] [227] [239] [244] [246] [248] [254] [299]
T1500x300_5_3    67537.85    [ 1] [ 4] [ 8] [ 9] [11] [15] [22] [44] [57] [60] [64] [77] [81] [86] [87] [100] [112] [126] [134] [142] [157] [175] [180] [187] [203] [206] [207] [224] [226] [246] [255] [264] [269] [275] [280] [289] [290]
T1500x300_5_4    67670.70    [10] [23] [26] [33] [41] [55] [57] [58] [60] [79] [92] [95] [98] [100] [103] [104] [107] [113] [118] [132] [138] [139] [141] [142] [164] [173] [196] [197] [199] [202] [210] [211] [212] [214] [224] [262] [281] [298]
T1500x300_5_5    67578.34    [13] [20] [28] [32] [39] [50] [61] [70] [76] [80] [87] [103] [107] [108] [109] [132] [136] [142] [159] [161] [172] [174] [184] [197] [204] [207] [212] [235] [241] [244] [246] [263] [266] [267] [269] [275] [278]   

T1500x300_10_1   49730.88    [ 5] [19] [26] [27] [38] [48] [54] [66] [77] [79] [107] [114] [129] [153] [170] [224] [230] [231] [242] [245] [274] [298]   
T1500x300_10_2   50255.27    [30] [43] [44] [70] [83] [101] [111] [121] [125] [140] [151] [156] [175] [180] [191] [194] [214] [223] [232] [274] [283] [290]
T1500x300_10_3   49974.14    [30] [40] [47] [69] [82] [83] [96] [141] [152] [159] [171] [175] [209] [214] [216] [227] [248] [252] [270] [285] [295]
T1500x300_10_4   49869.27    [18] [28] [38] [47] [49] [52] [68] [70] [72] [75] [78] [80] [111] [127] [132] [143] [158] [187] [195] [201] [213] [216] [287] [299]
T1500x300_10_5   50925.93    [26] [66] [68] [72] [76] [94] [97] [113] [125] [151] [161] [164] [177] [183] [187] [215] [245] [249] [258] [259] [269] [275] [276] [289]

T1500x300_15_1   46379.99    [ 1] [ 3] [ 4] [16] [41] [72] [83] [91] [113] [123] [125] [148] [167] [186] [252] [253] [263] [268] [269] [288] [293] [294] [298]  
T1500x300_15_2   45562.90    [ 1] [22] [50] [54] [58] [59] [105] [116] [125] [149] [157] [178] [191] [214] [215] [228] [243] [247] [265] [286] [287] [292] [295]
T1500x300_15_3   45872.96    [19] [101] [110] [123] [130] [134] [155] [169] [171] [197] [198] [199] [208] [210] [226] [229] [230] [258] [262] [265] [277] [286] [298]
T1500x300_15_4   46456.43    [11] [18] [23] [26] [43] [44] [72] [76] [86] [90] [93] [113] [125] [126] [151] [161] [209] [219] [220] [223] [231] [243] [267] [277] [298]
T1500x300_15_5   46516.67    [34] [35] [40] [45] [68] [78] [85] [87] [104] [136] [144] [156] [167] [171] [174] [189] [193] [210] [220] [226] [264] [269] [282]

T1500x300_20_1   44723.91    [ 7] [ 8] [23] [57] [60] [71] [88] [101] [103] [118] [119] [122] [153] [156] [167] [179] [187] [190] [197] [236] [241] [254] [267] [271] [286] [295] [298] 
T1500x300_20_2   44441.89    [10] [56] [78] [81] [85] [96] [99] [109] [122] [125] [161] [162] [163] [174] [186] [215] [230] [238] [271] [277] [279] [295]  
T1500x300_20_3   44096.78    [ 3] [46] [51] [62] [97] [99] [129] [131] [137] [165] [168] [171] [196] [213] [223] [239] [243] [244] [250] [252] [267] [286] [298]
T1500x300_20_4   44705.09    [24] [32] [34] [35] [37] [65] [70] [95] [102] [113] [114] [117] [122] [128] [130] [134] [142] [169] [178] [193] [195] [200] [238] [249] [259] [266] [269]
T1500x300_20_5   43000.61    [ 7] [28] [36] [43] [44] [49] [52] [60] [62] [87] [99] [108] [127] [139] [149] [162] [214] [215] [239] [254] [255] [269] [287] [290] [300

T1500x600_5_1	105381.44   [ 105243.81 ]   [12] [21] [28] [33] [36] [40] [42] [51] [61] [78] [80] [89] [107] [110] [112] [117] [120] [129] [130] [137] [154] [161] [163] [168] [170] [193] [199] [208] [211] [216] [229] [238] [240] [249] [257] [262] [274] [275] [278] [297] [343] [373] [386] [390] [402] [403] [409] [413] [416] [431] [434] [435] [439] [471] [486] [495] [499] [515] [521] [530] [535] [539] [548] [553] [556] [560] [561] [578] [591]
T1500x600_5_2   106736.07   [ 106677.15 ]   [ 3] [10] [13] [18] [20] [27] [43] [54] [61] [77] [91] [95] [98] [108] [124] [126] [141] [147] [172] [173] [179] [186] [189] [205][236] [247] [248] [250] [262] [278] [286] [294] [306] [308] [310] [330] [332] [366] [380] [386] [392] [394] [399] [401] [404] [418] [422] [445] [447] [448] [455] [463] [483] [488] [500] [501] [511] [515] [516] [527] [528] [530] [544] [557] [558] [560] [564] [566] [577] [593] [597]
T1500x600_5_3   107296.34   [ 107257.63 ]   [11] [12] [19] [24] [25] [47] [50] [60] [76] [82] [83] [85] [90] [100] [121] [122] [138] [142] [150] [158] [170] [172] [179] [190] [196] [207] [215] [223] [236] [237] [248] [256] [262] [302] [303] [308] [313] [318] [325] [330] [333] [347] [348] [349] [354] [376] [399] [400] [403] [426] [431] [446] [447] [448] [464] [466] [470] [481] [483] [485] [496] [518] [519] [530] [532] [537] [541] [545] [572] [589] [596] [598]
T1500x600_5_4   104051.34   [ 104023.75 ]   [ 4] [14] [16] [18] [21] [24] [32] [37] [44] [51] [59] [66] [74] [83] [90] [94] [111] [113] [118] [144] [155] [159] [172] [181] [207] [208] [211] [214] [218] [223] [231] [235] [244] [245] [269] [272] [276] [285] [287] [293] [296] [300] [307] [308] [310] [315] [340] [347] [353] [372] [396] [403] [422] [426] [429] [451] [469] [479] [482] [487] [491] [515] [516] [549] [550] [552] [560] [571] [589] [594]
T1500x600_5_5   104171.76    [ 8] [13] [21] [23] [27] [42] [44] [46] [51] [77] [93] [117] [118] [131] [135] [150] [156] [159] [166] [168] [169] [172] [177] [178] [193] [195] [197] [214] [216] [218] [225] [230] [258] [261] [264] [278] [297] [307] [318] [320] [321] [340] [341] [344] [351] [356] [363] [367] [375] [387] [408] [430] [436] [440] [464] [465] [468] [474] [479] [480] [486] [495] [508] [547] [550] [579] [582] [583] [584]

T1500x600_10_1   65859.94   [  65823.71 ]   [ 9] [44] [56] [82] [100] [127] [134] [141] [162] [185] [197] [224] [231] [237] [270] [276] [293] [302] [331] [336] [338] [340] [411] [418] [420] [472] [473] [488] [489] [494] [503] [513] [538] [539] [562] [589]
T1500x600_10_2   63493.10    [ 3] [ 5] [14] [38] [43] [51] [83] [106] [116] [119] [121] [154] [226] [264] [296] [298] [312] [322] [323] [324] [326] [337] [343] [355] [375] [414] [427] [461] [491] [514] [531] [534] [568] [589] [599]
T1500x600_10_3   67117.28   [  67066.21 ]   [15] [48] [61] [84] [85] [140] [158] [171] [175] [202] [226] [233] [234] [239] [242] [247] [260] [308] [331] [332] [350] [353] [404] [407] [416] [430] [439] [447] [464] [474] [485] [516] [562] [563] [572] [580] [591]
T1500x600_10_4   65279.01   [  65188.67 ]   [ 5] [45] [50] [66] [94] [106] [115] [122] [131] [156] [158] [176] [178] [186] [202] [219] [222] [240] [247] [264] [342] [377] [381] [383] [389] [393] [395] [401] [409] [423] [428] [430] [432] [458] [461] [531]
T1500x600_10_5   65151.72   [  65103.69 ]   [ 1] [19] [24] [31] [37] [40] [52] [75] [97] [121] [123] [126] [127] [129] [130] [141] [160] [225] [233] [234] [263] [340] [345] [429] [431] [462] [474] [515] [523] [534] [536] [537] [551] [559] [563] [578]

T1500x600_15_1   54285.13    [14] [23] [77] [91] [140] [156] [174] [190] [196] [223] [260] [282] [297] [303] [304] [371] [372] [379] [388] [424] [449] [474] [478] [596] [597]
T1500x600_15_2   54459.33    [36] [96] [107] [126] [143] [162] [170] [179] [195] [208] [262] [265] [275] [288] [300] [324] [358] [464] [481] [492] [497] [520] [533] [541] [543] [568]
T1500x600_15_3   54273.96    [43] [117] [133] [135] [155] [163] [170] [181] [190] [226] [255] [292] [322] [330] [337] [389] [410] [426] [461] [465] [480] [501] [511] [513] [529] [588]
T1500x600_15_4   54688.17    [ 4] [24] [34] [45] [55] [60] [78] [95] [108] [117] [128] [139] [202] [294] [309] [320] [325] [330] [346] [380] [412] [413] [499] [502] [573] [586]
T1500x600_15_5   54626.06    [ 7] [60] [106] [142] [191] [246] [269] [275] [291] [308] [309] [317] [332] [333] [342] [348] [379] [385] [396] [405] [411] [480] [498] [506] [568] [600]

T1500x600_20_1   49838.08    [47] [71] [132] [146] [178] [182] [203] [225] [297] [309] [340] [354] [400] [412] [436] [500] [516] [547] [565] [583] [586]
T1500x600_20_2   49648.02    [41] [58] [61] [97] [112] [122] [169] [177] [199] [253] [271] [285] [291] [356] [357] [400] [402] [403] [412] [431] [536] [552] [598]
T1500x600_20_3   49880.14    [14] [32] [33] [44] [136] [143] [147] [199] [259] [261] [286] [314] [359] [378] [399] [487] [494] [500] [516] [531] [574] [592]
T1500x600_20_4   50094.26    [21] [27] [39] [67] [78] [102] [153] [162] [173] [191] [248] [281] [301] [314] [317] [333] [337] [357] [413] [492] [527] [562]
T1500x600_20_5   49905.11    [24] [44] [64] [111] [158] [172] [200] [209] [210] [211] [228] [241] [311] [355] [386] [425] [429] [442] [464] [478] [526] [579] [595]
