********************************************************************************
***    OPTIMAL SOLUTION TO CFLP TESTPROBLEMS T100x100_3_1 to T500x200_10_5   ***
********************************************************************************

================================================================================
PROBLEM          ZOPT      NUMOPEN  SET OF OPEN DEPOTS (numbered from 1 to n)
--------------------------------------------------------------------------------

T100x100_3_1     28345.99  20        2   4  10  17  19  21  25  35  47  52  57  59  65  73  75  82  84  86  88  97
T100x100_3_2     29580.17  23        3  10  11  16  17  20  22  23  30  33  35  41  44  57  61  62  80  81  82  83  87  89  95
T100x100_3_3     27062.23  20        2   4   6  16  22  25  36  38  39  41  45  47  52  54  56  59  71  78  82  85
T100x100_3_4     28988.34  21        2  12  13  14  22  25  28  31  34  38  43  46  54  58  62  75  77  81  91  95  96
T100x100_3_5     25279.40  19        6  17  22  27  32  39  41  47  51  61  63  65  68  74  78  87  92  94  97

T200x100_3_1     29740.15  20        5   9  10  22  25  26  32  33  43  53  54  60  68  78  79  82  85  90  92  93
T200x100_3_2     31509.51  21       14  17  25  28  36  39  46  48  50  54  56  57  61  64  69  71  75  77  87  95 100
T200x100_3_3     29135.00  21       12  14  15  17  26  28  30  33  38  44  59  60  68  71  73  79  80  84  88  96  98
T200x100_3_4     29910.45  20        1   9  10  18  20  33  35  43  45  47  53  55  59  61  62  67  82  92  97 100
T200x100_3_5     29923.01  20        3   6  11  14  16  20  21  22  24  28  35  40  41  46  63  81  82  88  95  96

T200x200_3_1     52824.22  39       15  20  32  35  36  57  62  69  70  71  81  89  91  92  93 102 103 111 113 124 133 137 142 144 156 159 163 166 168 170 171 175 181 186 189 190 194 195 200
T200x200_3_2     52148.07  38       27  29  30  50  52  53  60  61  65  66  70  82  83  88  92  95  97  98 101 116 122 128 130 142 144 146 148 150 159 161 166 167 169 173 177 185 190 192
T200x200_3_3     52810.44  40        3   8   9  10  12  19  20  27  28  29  40  42  51  52  59  68  72  82  92  94  95  99 105 113 115 122 124 130 139 144 151 154 156 162 164 167 174 183 188 194
T200x200_3_4     50434.02  37        7  10  20  28  29  33  34  36  37  41  43  60  65  66  68  80  83  93  96  99 106 113 114 116 124 142 143 144 154 160 170 176 178 182 188 197 198
T200x200_3_5     52643.74  40        1  13  14  17  18  20  25  30  33  34  46  50  58  69  73  80  83  87  95  96 101 105 110 115 122 125 128 139 140 143 144 154 157 158 162 165 176 183 191 200

T500x100_3_1     36629.27  22        2   3   5   7  14  16  20  22  24  25  40  41  46  60  61  67  68  69  75  76  83  90
T500x100_3_2     36145.85  21       17  24  27  31  39  40  41  44  50  55  56  59  62  72  73  76  77  81  86  96  98
T500x100_3_3     36070.42  22        1  11  12  13  15  17  21  31  35  43  45  51  52  54  65  70  72  76  78  81  82 100
T500x100_3_4     37976.41  23        3   7  10  12  13  17  20  23  33  37  48  51  54  65  69  74  79  80  81  85  91  94  95
T500x100_3_5     36445.01  22        4  10  16  26  27  33  34  35  37  39  41  49  57  62  73  76  79  81  92  94  95 100

T500x200_3_1     58992.74  41        1   3   4   5   7   9  11  19  20  25  29  31  32  33  45  50  53  58  64  67  73  78  81  96  99 103 105 109 113 115 116 121 129 136 141 155 160 174 175 181 200
T500x200_3_2     59295.73  43        8  10  14  19  26  37  56  60  63  68  70  75  80  85  88  92  93  94  98 100 103 105 112 118 132 134 136 141 144 146 147 149 157 159 163 164 171 173 182 186 189 190 196
T500x200_3_3     63551.98  45        2   3   4  18  22  30  33  38  39  42  56  59  63  74  77  79  84  86  95  98  99 101 102 111 113 126 129 130 131 133 134 142 143 150 151 158 162 168 171 175 184 188 192 198 199
T500x200_3_4     56691.81  39        7   8  12  19  21  44  49  50  53  54  56  58  59  61  62  66  76  82  89 104 112 115 124 138 139 141 147 148 151 160 166 173 178 179 188 189 196 197 200
T500x200_3_5     60315.26  42        5   6  11  13  17  21  30  35  37  39  41  43  49  50  55  59  60  61  83  86  88  89 107 113 117 124 128 131 134 139 145 151 152 161 162 166 169 170 181 183 187 194

--------------------------------------------------------------------------------

T100x100_5_1     17489.90  12       22  29  37  42  46  60  69  80  89  93  96  99
T100x100_5_2     18329.44  13        2  11  15  17  19  38  42  45  62  70  72  74  91
T100x100_5_3     17118.53  12        3   6   7  14  15  24  30  38  47  59  64  88
T100x100_5_4     18082.94  13        6  13  15  21  22  28  45  47  49  66  84  86  88
T100x100_5_5     17949.61  13       11  30  31  44  47  50  60  70  73  76  77  82  94

T200x100_5_1     19677.03  12       24  30  31  35  36  53  65  72  85  90  99 100
T200x100_5_2     21288.57  13       21  23  31  40  50  60  72  79  83  87  88  96  98
T200x100_5_3     19621.73  12        9  12  23  29  31  59  61  69  72  81  85  86
T200x100_5_4     20856.96  13        3   7   8  25  28  37  47  49  56  71  93  95  98
T200x100_5_5     20789.09  13        9  24  26  39  41  43  46  47  55  63  68  69  81

T200x200_5_1     32586.04  23        3  13  17  22  27  40  46  60  62  64  68  69  80  99 100 105 110 112 118 125 153 169 183
T200x200_5_2     32714.25  23        3   5  15  30  32  35  43  60  69  73  78  81  87  90  94 146 152 160 162 173 179 184 189
T200x200_5_3     32741.33  23       13  16  22  39  47  62  68  69  90  91  92 106 113 117 122 142 162 163 175 186 187 188 196
T200x200_5_4     32542.34  23        2   5  17  27  43  51  55  59  66  67  80  81  86  90 125 151 155 157 168 170 177 186 189
T200x200_5_5     33078.76  24        1   7  28  37  67  69  74  77  78  82  89  92 100 101 102 105 109 112 118 119 124 138 144 153

T500x100_5_1     27591.52  14        5  15  17  18  23  26  46  48  59  74  83  87  93 100
T500x100_5_2     28647.41  15       31  35  39  44  45  53  54  58  60  61  72  73  74  80  90
T500x100_5_3     27587.79  14        6   8  10  20  35  46  52  55  72  74  75  91  95  99
T500x100_5_4     27501.23  14       12  17  25  36  39  58  60  63  69  70  72  76  81  90
T500x100_5_5     26701.75  12        1  19  21  30  38  48  50  51  59  67  72  94

T500x200_5_1     39240.05  25       20  27  28  32  42  48  57  64  68  69  72  89  90  92  94 119 126 129 166 174 188 189 194 196 199
T500x200_5_2     40406.43  26        6  10  25  27  29  31  42  43  55  58  66  68  70  88  94  97 110 112 124 139 143 144 159 178 180 197
T500x200_5_3     39352.30  24       10  18  22  24  27  30  37  38  40  46  56  58  91  92  97 136 150 152 161 162 169 180 191 198
T500x200_5_4     38179.74  24        3   6  29  36  49  70  71  78  79  87  91  93 120 122 128 135 137 156 166 168 172 173 180 199
T500x200_5_5     40050.19  25        3   4   6  17  18  38  40  57  69  74  77  82  84  86  93  98 108 111 117 127 131 142 153 159 182

--------------------------------------------------------------------------------

T100x100_10_1     9041.94   6       24  57  62  70  74  99
T100x100_10_2     9100.71   6       10  47  69  85  90  99
T100x100_10_3    10271.16   7        5  12  15  57  78  90  99
T100x100_10_4     9546.92   6       37  53  62  77  91  97
T100x100_10_5     9493.98   6        3   8  56  62  64  74

T200x100_10_1    13997.38   6       24  39  45  48  57  68
T200x100_10_2    14231.66   6        4  48  49  56  78 100
T200x100_10_3    13902.67   6       40  46  68  83  97  98
T200x100_10_4    14091.49   8       30  35  39  43  45  53  59  79
T200x100_10_5    14044.54   7       14  21  23  30  34  87  94

T200x200_10_1    18887.23  13       26  33  59  65  67  71  88  94 115 137 162 178 190
T200x200_10_2    17170.88  12        5  19  38  49  91 109 112 138 140 159 167 195
T200x200_10_3    17105.23  12       22  34  37  38  46  57  89 100 122 167 181 199
T200x200_10_4    18410.24  13        3  15  16  36  46  50  69  70  88 107 176 195 196
T200x200_10_5    17716.32  12       13  19  20  61  62  85 107 115 127 134 138 167

T500x100_10_1    23457.95  10        7  13  37  47  51  60  63  69  72  91
T500x100_10_2    23254.49  10        9  11  28  39  44  76  78  81  90  92
T500x100_10_3    23544.74  12        8  19  20  23  25  29  34  62  74  77  78  90
T500x100_10_4    22883.94  10        6  16  23  45  49  58  62  74  90  96
T500x100_10_5    22489.53  12        1   3   8  22  28  41  44  52  78  86  93  98

T500x200_10_1    26633.61  14        4   6  10  18  70  81  83  98 109 128 147 161 171 190
T500x200_10_2    27356.97  14       26  54  92 115 124 139 149 171 173 174 181 184 193 198
T500x200_10_3    26762.47  12       23  39  74  88 104 109 113 116 123 159 184 197
T500x200_10_4    26967.45  13       26  30  44 115 124 126 143 157 161 165 175 180 184
T500x200_10_5    27158.26  13       24  27  29  31  42 117 123 129 133 147 185 187 193

================================================================================

